0.015294117853045464
0.0
0.0
0.0003921568568330258
0.0
0.0
0.0
0.0
0.0
0.0003921568568330258
0.0
0.0007843137136660516
0.0003921568568330258
0.0007843137136660516
0.0003921568568330258
0.0003921568568330258
0.0
0.0
0.0
0.0
0.0003921568568330258
0.0
0.0
0.0
0.0
0.0003921568568330258
0.0007843137136660516
0.0
0.0003921568568330258
0.0
0.0
0.0
0.0
0.0
0.0
0.0007843137136660516
0.0
0.0003921568568330258
0.0003921568568330258
0.0007843137136660516
0.001176470541395247
0.0
0.0007843137136660516
0.0007843137136660516
0.0003921568568330258
0.0
0.0
0.0
0.0003921568568330258
0.0
0.0
0.0
0.0
0.0015686274273321033
0.0
0.0007843137136660516
0.0003921568568330258
0.0003921568568330258
0.0
0.0007843137136660516
0.0
0.0007843137136660516
0.0007843137136660516
0.0
0.0
0.0003921568568330258
0.001176470541395247
0.0
0.0
0.001176470541395247
0.0
0.0003921568568330258
0.0
0.0003921568568330258
0.0
0.0
0.0007843137136660516
0.0003921568568330258
0.0
0.001176470541395247
0.0003921568568330258
0.0007843137136660516
0.0
0.0003921568568330258
0.0015686274273321033
0.0003921568568330258
0.0003921568568330258
0.0003921568568330258
0.001176470541395247
0.002352941082790494
0.0003921568568330258
0.0
0.0003921568568330258
0.0003921568568330258
0.0007843137136660516
0.0007843137136660516
0.0
0.0007843137136660516
0.001176470541395247
0.0015686274273321033
0.001176470541395247
0.0
0.0003921568568330258
0.0019607844296842813
0.0015686274273321033
0.0019607844296842813
0.001176470541395247
0.0007843137136660516
0.0
0.0007843137136660516
0.0003921568568330258
0.0003921568568330258
0.0003921568568330258
0.0003921568568330258
0.0003921568568330258
0.001176470541395247
0.0
0.0
0.0007843137136660516
0.001176470541395247
0.0007843137136660516
0.0007843137136660516
0.0003921568568330258
0.0
0.0007843137136660516
0.0
0.0003921568568330258
0.0007843137136660516
0.001176470541395247
0.0007843137136660516
0.0007843137136660516
0.001176470541395247
0.0
0.0007843137136660516
0.0
0.0003921568568330258
0.0015686274273321033
0.0019607844296842813
0.001176470541395247
0.001176470541395247
0.001176470541395247
0.0003921568568330258
0.0003921568568330258
0.0003921568568330258
0.0007843137136660516
0.0019607844296842813
0.0
0.0003921568568330258
0.0003921568568330258
0.0007843137136660516
0.0
0.0019607844296842813
0.0003921568568330258
0.0007843137136660516
0.0007843137136660516
0.0007843137136660516
0.001176470541395247
0.0007843137136660516
0.0007843137136660516
0.001176470541395247
0.0015686274273321033
0.0015686274273321033
0.001176470541395247
0.003921568859368563
0.003921568859368563
0.001176470541395247
0.0003921568568330258
0.001176470541395247
0.0019607844296842813
0.0015686274273321033
0.002352941082790494
0.0027450979687273502
0.0003921568568330258
0.0015686274273321033
0.0007843137136660516
0.002352941082790494
0.001176470541395247
0.0019607844296842813
0.0007843137136660516
0.001176470541395247
0.0015686274273321033
0.0015686274273321033
0.0003921568568330258
0.0007843137136660516
0.0015686274273321033
0.0007843137136660516
0.0015686274273321033
0.0
0.001176470541395247
0.002352941082790494
0.003921568859368563
0.0019607844296842813
0.0035294117406010628
0.0015686274273321033
0.0015686274273321033
0.0003921568568330258
0.001176470541395247
0.0035294117406010628
0.0007843137136660516
0.001176470541395247
0.0003921568568330258
0.0015686274273321033
0.0007843137136660516
0.0027450979687273502
0.001176470541395247
0.0003921568568330258
0.0003921568568330258
0.0003921568568330258
0.001176470541395247
0.0019607844296842813
0.002352941082790494
0.0015686274273321033
0.0031372548546642065
0.0015686274273321033
0.0003921568568330258
0.0007843137136660516
0.0007843137136660516
0.0019607844296842813
0.0
0.0015686274273321033
0.0031372548546642065
0.0007843137136660516
0.0019607844296842813
0.0027450979687273502
0.0035294117406010628
0.0019607844296842813
0.0019607844296842813
0.0019607844296842813
0.001176470541395247
0.0019607844296842813
0.0027450979687273502
0.001176470541395247
0.0027450979687273502
0.0
0.0015686274273321033
0.0007843137136660516
0.0007843137136660516
0.001176470541395247
0.0
0.0
0.001176470541395247
0.001176470541395247
0.0007843137136660516
0.0007843137136660516
0.0003921568568330258
0.0015686274273321033
0.0019607844296842813
0.0019607844296842813
0.0019607844296842813
0.0015686274273321033
0.001176470541395247
0.0031372548546642065
0.0007843137136660516
0.001176470541395247
0.0007843137136660516
0.0019607844296842813
0.001176470541395247
0.0015686274273321033
0.0031372548546642065
0.0007843137136660516
0.0007843137136660516
0.0027450979687273502
0.0007843137136660516
0.0007843137136660516
0.002352941082790494
0.0019607844296842813
0.001176470541395247
0.0027450979687273502
0.0015686274273321033
0.001176470541395247
0.0003921568568330258
0.0003921568568330258
0.002352941082790494
0.0031372548546642065
0.0007843137136660516
0.001176470541395247
0.002352941082790494
0.0015686274273321033
0.0003921568568330258
0.001176470541395247
0.0003921568568330258
0.0
0.001176470541395247
0.0015686274273321033
0.0
0.0007843137136660516
0.001176470541395247
0.0015686274273321033
0.0003921568568330258
0.0007843137136660516
0.0015686274273321033
0.001176470541395247
0.0035294117406010628
0.0031372548546642065
0.0019607844296842813
0.0
0.0003921568568330258
0.002352941082790494
0.0015686274273321033
0.0015686274273321033
0.0003921568568330258
0.002352941082790494
0.0015686274273321033
0.0019607844296842813
0.001176470541395247
0.0015686274273321033
0.001176470541395247
0.0015686274273321033
0.002352941082790494
0.0015686274273321033
0.001176470541395247
0.0019607844296842813
0.0019607844296842813
0.0031372548546642065
0.001176470541395247
0.002352941082790494
0.002352941082790494
0.0007843137136660516
0.002352941082790494
0.001176470541395247
0.0007843137136660516
0.0015686274273321033
0.0019607844296842813
0.001176470541395247
0.0019607844296842813
0.0015686274273321033
0.002352941082790494
0.0003921568568330258
0.003921568859368563
0.0019607844296842813
0.0031372548546642065
0.001176470541395247
0.0015686274273321033
0.0019607844296842813
0.001176470541395247
0.0015686274273321033
0.0015686274273321033
0.001176470541395247
0.0019607844296842813
0.001176470541395247
0.001176470541395247
0.0019607844296842813
0.0003921568568330258
0.0003921568568330258
0.0015686274273321033
0.0007843137136660516
0.0015686274273321033
0.002352941082790494
0.001176470541395247
0.0019607844296842813
0.0003921568568330258
0.0015686274273321033
0.0003921568568330258
0.0007843137136660516
0.0015686274273321033
0.0027450979687273502
0.0019607844296842813
0.001176470541395247
0.0015686274273321033
0.0015686274273321033
0.002352941082790494
0.0035294117406010628
0.0019607844296842813
0.003921568859368563
0.0027450979687273502
0.001176470541395247
0.0015686274273321033
0.001176470541395247
0.0027450979687273502
0.0007843137136660516
0.0015686274273321033
0.0015686274273321033
0.0019607844296842813
0.0035294117406010628
0.0015686274273321033
0.0007843137136660516
0.0015686274273321033
0.0015686274273321033
0.0015686274273321033
0.0031372548546642065
0.0003921568568330258
0.0019607844296842813
0.0015686274273321033
0.0015686274273321033
0.002352941082790494
0.0031372548546642065
0.0035294117406010628
0.0019607844296842813
0.0027450979687273502
0.0027450979687273502
0.001176470541395247
0.004313725512474775
0.0003921568568330258
0.0015686274273321033
0.0035294117406010628
0.0035294117406010628
0.002352941082790494
0.0015686274273321033
0.004313725512474775
0.0031372548546642065
0.0015686274273321033
0.0027450979687273502
0.0035294117406010628
0.0035294117406010628
0.0035294117406010628
0.0007843137136660516
0.0027450979687273502
0.0003921568568330258
0.001176470541395247
0.0015686274273321033
0.0027450979687273502
0.0015686274273321033
0.002352941082790494
0.0003921568568330258
0.002352941082790494
0.0019607844296842813
0.0003921568568330258
0.001176470541395247
0.0027450979687273502
0.0019607844296842813
0.001176470541395247
0.001176470541395247
0.0015686274273321033
0.002352941082790494
0.0015686274273321033
0.001176470541395247
0.002352941082790494
0.001176470541395247
0.002352941082790494
0.001176470541395247
0.0015686274273321033
0.0015686274273321033
0.0019607844296842813
0.0015686274273321033
0.0035294117406010628
0.005098039284348488
0.0035294117406010628
0.0027450979687273502
0.004313725512474775
0.0035294117406010628
0.0054901959374547005
0.003921568859368563
0.0054901959374547005
0.004313725512474775
0.001176470541395247
0.003921568859368563
0.0031372548546642065
0.0035294117406010628
0.004705882165580988
0.0019607844296842813
0.0015686274273321033
0.0027450979687273502
0.001176470541395247
0.001176470541395247
0.0015686274273321033
0.0031372548546642065
0.0019607844296842813
0.002352941082790494
0.0035294117406010628
0.002352941082790494
0.0031372548546642065
0.0019607844296842813
0.0031372548546642065
0.003921568859368563
0.0027450979687273502
0.0015686274273321033
0.002352941082790494
0.006274509709328413
0.0027450979687273502
0.0019607844296842813
0.002352941082790494
0.0015686274273321033
0.0015686274273321033
0.0027450979687273502
0.0019607844296842813
0.0019607844296842813
0.0031372548546642065
0.0015686274273321033
0.0003921568568330258
0.001176470541395247
0.0015686274273321033
0.0035294117406010628
0.0019607844296842813
0.0015686274273321033
0.0019607844296842813
0.0015686274273321033
0.0027450979687273502
0.0019607844296842813
0.0007843137136660516
0.0003921568568330258
0.0015686274273321033
0.0007843137136660516
0.0007843137136660516
0.0019607844296842813
0.002352941082790494
0.0015686274273321033
0.0031372548546642065
0.0015686274273321033
0.0007843137136660516
0.0019607844296842813
0.0007843137136660516
0.001176470541395247
0.0015686274273321033
0.002352941082790494
0.001176470541395247
0.0007843137136660516
0.001176470541395247
0.002352941082790494
0.0027450979687273502
0.0019607844296842813
0.0
0.0015686274273321033
0.0015686274273321033
0.0015686274273321033
0.0015686274273321033
0.002352941082790494
0.0007843137136660516
0.0015686274273321033
0.0027450979687273502
0.0007843137136660516
0.0019607844296842813
0.0027450979687273502
0.0019607844296842813
0.0007843137136660516
0.0003921568568330258
0.0015686274273321033
0.002352941082790494
0.0007843137136660516
0.001176470541395247
0.0027450979687273502
0.0007843137136660516
0.001176470541395247
0.0
0.0031372548546642065
0.0015686274273321033
0.0019607844296842813
0.0007843137136660516
0.001176470541395247
0.001176470541395247
0.0007843137136660516
0.001176470541395247
0.0015686274273321033
0.0003921568568330258
0.0003921568568330258
0.0007843137136660516
0.001176470541395247
0.0007843137136660516
0.0007843137136660516
0.0003921568568330258
0.0003921568568330258
0.0003921568568330258
0.001176470541395247
0.0
0.0007843137136660516
0.001176470541395247
0.0003921568568330258
0.0007843137136660516
0.0
0.001176470541395247
0.0007843137136660516
0.0003921568568330258
0.0007843137136660516
0.0003921568568330258
0.001176470541395247
0.0
0.001176470541395247
0.0015686274273321033
0.002352941082790494
0.0
0.0007843137136660516
0.0015686274273321033
0.001176470541395247
0.0007843137136660516
0.0
0.0003921568568330258
0.0003921568568330258
0.0007843137136660516
0.0003921568568330258
0.0015686274273321033
0.001176470541395247
0.0027450979687273502
0.001176470541395247
0.0019607844296842813
0.0007843137136660516
0.0015686274273321033
0.001176470541395247
0.0007843137136660516
0.0015686274273321033
0.0003921568568330258
0.0015686274273321033
0.0007843137136660516
0.001176470541395247
0.002352941082790494
0.001176470541395247
0.0007843137136660516
0.0015686274273321033
0.0
0.0015686274273321033
0.0019607844296842813
0.0015686274273321033
0.0007843137136660516
0.0015686274273321033
0.0
0.0007843137136660516
0.001176470541395247
0.001176470541395247
0.001176470541395247
0.0003921568568330258
0.0007843137136660516
0.0007843137136660516
0.001176470541395247
0.0015686274273321033
0.001176470541395247
0.0007843137136660516
0.001176470541395247
0.0015686274273321033
0.002352941082790494
0.0019607844296842813
0.003921568859368563
0.001176470541395247
0.0019607844296842813
0.0019607844296842813
0.001176470541395247
0.0019607844296842813
0.0007843137136660516
0.0
0.0007843137136660516
0.0003921568568330258
0.0
0.0031372548546642065
0.0015686274273321033
0.0
0.0015686274273321033
0.0
0.0015686274273321033
0.0003921568568330258
0.0007843137136660516
0.001176470541395247
0.001176470541395247
0.0003921568568330258
0.001176470541395247
0.0015686274273321033
0.0003921568568330258
0.0003921568568330258
0.0007843137136660516
0.0007843137136660516
0.0
0.0015686274273321033
0.002352941082790494
0.0015686274273321033
0.0007843137136660516
0.0003921568568330258
0.0
0.0003921568568330258
0.0003921568568330258
0.002352941082790494
0.0015686274273321033
0.0007843137136660516
0.001176470541395247
0.0003921568568330258
0.0007843137136660516
0.001176470541395247
0.0003921568568330258
0.0003921568568330258
0.0003921568568330258
0.0003921568568330258
0.0003921568568330258
0.0
0.0
0.0
0.0
0.0003921568568330258
0.0003921568568330258
0.0
0.0007843137136660516
0.0
0.0003921568568330258
0.0
0.0007843137136660516
0.0003921568568330258
0.001176470541395247
0.0003921568568330258
0.0
0.0007843137136660516
0.0003921568568330258
0.0007843137136660516
0.0015686274273321033
0.001176470541395247
0.0003921568568330258
0.001176470541395247
0.0019607844296842813
0.0019607844296842813
0.0015686274273321033
0.0015686274273321033
0.0007843137136660516
0.0007843137136660516
0.0015686274273321033
0.0015686274273321033
0.001176470541395247
0.0
0.0007843137136660516
0.0
0.0
0.0003921568568330258
0.0003921568568330258
0.0
0.0003921568568330258
0.0003921568568330258
0.0003921568568330258
0.0007843137136660516
0.0003921568568330258
0.0
0.0007843137136660516
0.0003921568568330258
0.0007843137136660516
0.0
0.0019607844296842813
0.0
0.0003921568568330258
0.001176470541395247
0.0007843137136660516
0.0015686274273321033
0.0003921568568330258
0.0007843137136660516
0.0003921568568330258
0.0
0.0
0.0
0.0
0.0007843137136660516
0.0007843137136660516
0.001176470541395247
0.0003921568568330258
0.0003921568568330258
0.0003921568568330258
0.002352941082790494
0.0007843137136660516
0.0
0.001176470541395247
0.0
0.0003921568568330258
0.0
0.0003921568568330258
0.0007843137136660516
0.0
0.0003921568568330258
0.0003921568568330258
0.0003921568568330258
0.0015686274273321033
0.0
0.0007843137136660516
0.0003921568568330258
0.0003921568568330258
0.0003921568568330258
0.001176470541395247
0.0003921568568330258
0.0003921568568330258
0.0007843137136660516
0.0003921568568330258
0.0003921568568330258
0.0015686274273321033
0.0003921568568330258
0.0
0.0003921568568330258
0.0
0.0007843137136660516
0.0
0.0003921568568330258
0.0003921568568330258
0.0003921568568330258
0.0003921568568330258
0.0007843137136660516
0.0007843137136660516
0.0
0.0003921568568330258
0.0
0.0
0.0003921568568330258
0.0007843137136660516
0.0003921568568330258
0.0
0.0003921568568330258
0.0
0.0
0.0003921568568330258
0.0003921568568330258
0.0003921568568330258
0.0007843137136660516
0.0007843137136660516
0.001176470541395247
0.0003921568568330258
0.0007843137136660516
0.0003921568568330258
0.0003921568568330258
0.0003921568568330258
0.0003921568568330258
0.0003921568568330258
0.0
0.0
0.028235293924808502
