0.0
0.0
0.0
0.0
0.0
0.0
0.0
0.0
0.0
0.0
0.0
0.0
0.0
0.0
0.0
0.0
0.0
0.0
0.0
0.0
0.0
0.0
0.0
0.0
0.0
0.0
0.0
0.0
0.0
0.0
0.0
0.0
0.0
0.0
0.0
0.0
0.0
0.0
0.0
0.0
0.0
0.0
0.0
0.0
0.0
0.0
0.0
0.0
0.0
0.0
0.0
0.0
0.0
0.0
0.0
0.0
0.0
0.0
0.0
0.0
0.0
0.0
0.0
0.0
0.0
0.0
0.0
0.0
0.0
0.0
0.0
0.0
0.0
0.0
0.0
0.0
0.0
0.0
0.0
0.0
0.0
0.0
0.0
0.0
0.0
0.0
0.0
0.0
0.0
0.0
0.0
0.0
0.0
0.0
0.0
0.0
0.0
0.0
0.0
0.0
0.0
0.0
0.0
0.0
0.0
0.0
0.0
0.0
0.0
0.0
0.0
0.0
0.0
0.0
0.0
0.0
0.0
0.0
0.0
0.0
0.0
0.0
0.0
0.0
0.0
0.0
0.0
0.0
0.0
0.0
0.0
0.0
0.0
0.0
0.0
0.0
0.0
0.0
0.0
0.0
0.0
0.0
0.0
0.0
0.0
0.0
0.0
0.0
0.0
0.0
0.0
0.0
0.0
0.0
0.0
0.0
0.0
0.0
0.0
0.0
0.0
0.0
0.0
0.0
0.0
0.0
0.0
0.0
0.0
0.0
0.0
0.0
0.0
0.0
0.0
0.0
0.0
0.0
0.0
0.0
0.0
0.0
0.0
0.0
0.0
0.0
0.0
0.0
0.0
0.0
0.0
0.0
0.0
0.0
0.0
0.0
0.0
0.0
0.0
0.0
0.0
0.0
0.0
0.0
0.0
0.0
0.0
0.0
0.0
0.0
0.0
0.0
0.0
0.0
0.0
0.0
0.0
0.0
0.0
0.0
0.0
0.0
0.0
0.0
0.0
0.0
0.0
0.0
0.0
0.0
0.0
0.0
0.0
0.0
0.0
0.0
0.0
0.0
0.0
0.0
0.0
0.0
0.0
0.0
0.0
0.0
0.0
0.0
0.0
0.0
0.0
0.0
0.0
0.0
0.0
0.0
0.0
0.0
0.0003921568568330258
0.0
0.0
0.0003921568568330258
0.0
0.0003921568568330258
0.0
0.0
0.0
0.0003921568568330258
0.0
0.0
0.001176470541395247
0.0
0.0
0.0
0.0003921568568330258
0.0
0.0007843137136660516
0.0003921568568330258
0.0
0.0007843137136660516
0.0
0.0003921568568330258
0.0003921568568330258
0.0
0.0
0.0003921568568330258
0.0
0.0
0.0
0.0
0.0003921568568330258
0.001176470541395247
0.0003921568568330258
0.001176470541395247
0.0007843137136660516
0.0007843137136660516
0.0007843137136660516
0.0007843137136660516
0.0003921568568330258
0.0015686274273321033
0.001176470541395247
0.0015686274273321033
0.001176470541395247
0.001176470541395247
0.001176470541395247
0.001176470541395247
0.0007843137136660516
0.0015686274273321033
0.0015686274273321033
0.0027450979687273502
0.0007843137136660516
0.002352941082790494
0.001176470541395247
0.002352941082790494
0.0003921568568330258
0.004313725512474775
0.0015686274273321033
0.001176470541395247
0.0
0.0019607844296842813
0.0019607844296842813
0.0031372548546642065
0.0015686274273321033
0.0003921568568330258
0.0031372548546642065
0.0031372548546642065
0.0019607844296842813
0.0035294117406010628
0.0027450979687273502
0.0031372548546642065
0.0027450979687273502
0.004313725512474775
0.002352941082790494
0.0031372548546642065
0.002352941082790494
0.002352941082790494
0.004313725512474775
0.0031372548546642065
0.0054901959374547005
0.002352941082790494
0.0031372548546642065
0.003921568859368563
0.0027450979687273502
0.0031372548546642065
0.006274509709328413
0.0035294117406010628
0.0027450979687273502
0.0035294117406010628
0.004705882165580988
0.003921568859368563
0.004313725512474775
0.004705882165580988
0.0035294117406010628
0.0035294117406010628
0.0035294117406010628
0.0058823530562222
0.009803921915590763
0.006666666828095913
0.0074509805999696255
0.006274509709328413
0.0058823530562222
0.0070588234812021255
0.0074509805999696255
0.0027450979687273502
0.006274509709328413
0.0058823530562222
0.0058823530562222
0.006274509709328413
0.0074509805999696255
0.006274509709328413
0.00862745102494955
0.008235294371843338
0.010196078568696976
0.0058823530562222
0.0070588234812021255
0.009411764331161976
0.009411764331161976
0.004313725512474775
0.010196078568696976
0.009803921915590763
0.006274509709328413
0.009019607678055763
0.010196078568696976
0.008235294371843338
0.010196078568696976
0.007843137718737125
0.0058823530562222
0.0074509805999696255
0.00862745102494955
0.008235294371843338
0.009803921915590763
0.00862745102494955
0.007843137718737125
0.009019607678055763
0.008235294371843338
0.0070588234812021255
0.010588235221803188
0.0054901959374547005
0.012941176071763039
0.010980391874909401
0.010588235221803188
0.007843137718737125
0.009803921915590763
0.0054901959374547005
0.006666666828095913
0.006274509709328413
0.003921568859368563
0.0058823530562222
0.009019607678055763
0.009803921915590763
0.009019607678055763
0.0074509805999696255
0.007843137718737125
0.009803921915590763
0.006274509709328413
0.010588235221803188
0.007843137718737125
0.007843137718737125
0.009019607678055763
0.0070588234812021255
0.008235294371843338
0.008235294371843338
0.012156862765550613
0.007843137718737125
0.009411764331161976
0.006274509709328413
0.0070588234812021255
0.005098039284348488
0.009411764331161976
0.00862745102494955
0.00862745102494955
0.0058823530562222
0.010196078568696976
0.006666666828095913
0.006666666828095913
0.006666666828095913
0.005098039284348488
0.007843137718737125
0.006274509709328413
0.0058823530562222
0.004705882165580988
0.0054901959374547005
0.0058823530562222
0.006274509709328413
0.006666666828095913
0.0058823530562222
0.0070588234812021255
0.004705882165580988
0.0027450979687273502
0.005098039284348488
0.0054901959374547005
0.004705882165580988
0.004313725512474775
0.0019607844296842813
0.004313725512474775
0.003921568859368563
0.003921568859368563
0.003921568859368563
0.002352941082790494
0.0027450979687273502
0.0027450979687273502
0.0035294117406010628
0.0035294117406010628
0.0058823530562222
0.0035294117406010628
0.0035294117406010628
0.0031372548546642065
0.0035294117406010628
0.0031372548546642065
0.0019607844296842813
0.0019607844296842813
0.0027450979687273502
0.002352941082790494
0.0019607844296842813
0.004313725512474775
0.0015686274273321033
0.001176470541395247
0.001176470541395247
0.0019607844296842813
0.002352941082790494
0.0019607844296842813
0.0007843137136660516
0.0015686274273321033
0.0019607844296842813
0.001176470541395247
0.0007843137136660516
0.0007843137136660516
0.001176470541395247
0.0003921568568330258
0.0003921568568330258
0.0015686274273321033
0.0007843137136660516
0.0003921568568330258
0.0015686274273321033
0.001176470541395247
0.0007843137136660516
0.001176470541395247
0.0007843137136660516
0.001176470541395247
0.0
0.0007843137136660516
0.001176470541395247
0.001176470541395247
0.0003921568568330258
0.0
0.0003921568568330258
0.0
0.0
0.0003921568568330258
0.0
0.0003921568568330258
0.0003921568568330258
0.0003921568568330258
0.0
0.001176470541395247
0.0003921568568330258
0.0003921568568330258
0.0
0.0
0.0
0.0
0.0003921568568330258
0.0
0.0
0.0007843137136660516
0.0
0.0
0.0003921568568330258
0.0
0.0
0.0
0.0
0.0
0.0
0.0
0.0
0.0
0.0
0.0
0.0
0.0
0.0
0.0
0.0
0.0
0.0
0.0
0.0
0.0
0.0
0.0
0.0
0.0
0.0
0.0
0.0
0.0
0.0
0.0
0.0
0.0
0.0
0.0
0.0
0.0
0.0
0.0
0.0
0.0
0.0
0.0
0.0
0.0
0.0
0.0
0.0
0.0
0.0
0.0
0.0
0.0
0.0
0.0
0.0
0.0
0.0
0.0
0.0
0.0
0.0
0.0
0.0
0.0
0.0
0.0
0.0
0.0
0.0
0.0
0.0
0.0
0.0
0.0
0.0
0.0
0.0
0.0
0.0
0.0
0.0
0.0
0.0
0.0
0.0
0.0
0.0
0.0
0.0
0.0
0.0
0.0
0.0
0.0
0.0
0.0
0.0
0.0
0.0
0.0
0.0
0.0
0.0
0.0
0.0
0.0
0.0
0.0
0.0
0.0
0.0
0.0
0.0
0.0
0.0
0.0
0.0
0.0
0.0
0.0
0.0
0.0
0.0
0.0
0.0
0.0
0.0
0.0
0.0
0.0
0.0
0.0
0.0
0.0
0.0
0.0
0.0
0.0
0.0
0.0
0.0
0.0
0.0
0.0
0.0
0.0
0.0
0.0
0.0
0.0
0.0
0.0
0.0
0.0
0.0
0.0
0.0
0.0
0.0
0.0
0.0
0.0
0.0
0.0
0.0
0.0
0.0
0.0
0.0
0.0
0.0
0.0
0.0
0.0
0.0
0.0
0.0
0.0
0.0
0.0
0.0
0.0
0.0
0.0
0.0
0.0
0.0
0.0
0.0
0.0
0.0
0.0
0.0
0.0
0.0
0.0
0.0
0.0
0.0
0.0
0.0
0.0
0.0
0.0
0.0
0.0
0.0
0.0
0.0
0.0
0.0
0.0
0.0
0.0
0.0
0.0
0.0
0.0
0.0
0.0
0.0
0.0
0.0
0.0
0.0
0.0
0.0
0.0
0.0
0.0
0.0
0.0
0.0
0.0
0.0
0.0
0.0
0.0
0.0
0.0
0.0
0.0
0.0
0.0
0.0
0.0
0.0
0.0
0.0
0.0
0.0
0.0
0.0
0.0
0.0
0.0
0.0
0.0
0.0
0.0
0.0
0.0
0.0
0.0
0.0
0.0
0.0
0.0
0.0
0.0
0.0
